Add data point: (0.2673, -0.53285)

Posterior mean:
-0.05288030795
-0.01413471964
-0.003778160662

Posterior variance:
0.9007597056, -0.02652658035, -0.007090461285
-0.02652658035, 0.9929095387, -0.001895255271
-0.007090461285, -0.001895255271, 0.999493405

Predicitve distribution ~ N(-0.056928, 9.9615)
-----------------------------------------------
Add data point: (0.52106, 7.6635)

Posterior mean:
0.6165761666
0.3567658836
0.1953837798

Posterior variance:
0.8240608839, -0.06902021561, -0.02990820486
-0.06902021561, 0.9693666863, -0.01453702539
-0.02990820486, -0.01453702539, 0.9927051726

Predicitve distribution ~ N(0.85552, 10.068)
-----------------------------------------------
Add data point: (-0.9921, 3.2991)

Posterior mean:
0.8237925785
0.1058679808
0.4262496753

Posterior variance:
0.7611775546, 0.007119001767, -0.0999683704
0.007119001767, 0.8771772223, 0.07029191476
-0.0999683704, 0.07029191476, 0.9146490828

Predicitve distribution ~ N(1.1383, 11.162)
-----------------------------------------------
Add data point: (-0.41625, 0.41296)

Posterior mean:
0.7907839153
0.1212753601
0.42494665

Posterior variance:
0.7056741944, 0.03302618002, -0.1021593796
0.03302618002, 0.8650845871, 0.07131460716
-0.1021593796, 0.07131460716, 0.9145625922

Predicitve distribution ~ N(0.81393, 9.8098)
-----------------------------------------------
Add data point: (-0.25332, -1.8024)

Posterior mean:
0.6069895079
0.169579114
0.4413203186

Posterior variance:
0.6566503364, 0.04591033905, -0.09779199744
0.04591033905, 0.861698449, 0.07016679775
-0.09779199744, 0.07016679775, 0.9141735158

Predicitve distribution ~ N(0.59235, 9.6776)
-----------------------------------------------
Add data point: (0.026276, -1.1859)

Posterior mean:
0.4845771329
0.1568126606
0.4590585072

Posterior variance:
0.6118565645, 0.04123877213, -0.09130114739
0.04123877213, 0.8612112487, 0.07084373205
-0.09130114739, 0.07084373205, 0.9132329579

Predicitve distribution ~ N(0.48901, 9.6145)
-----------------------------------------------
Add data point: (0.8173, 8.4593)

Posterior mean:
0.8997100416
0.7195513494
0.8685405412

Posterior variance:
0.5796709908, -0.002390791269, -0.1230486045
-0.002390791269, 0.8020686397, 0.02780806325
-0.1230486045, 0.02780806325, 0.8819176538

Predicitve distribution ~ N(2.068, 10.371)
-----------------------------------------------
Add data point: (0.65736, -1.594)

Posterior mean:
0.7242302965
0.5400771827
0.7761649628

Posterior variance:
0.5521086081, -0.03058057276, -0.1375579203
-0.03058057276, 0.7732371781, 0.01296847383
-0.1375579203, 0.01296847383, 0.8742796985

Predicitve distribution ~ N(1.4147, 9.8978)
-----------------------------------------------
Add data point: (-0.6021, -0.11076)

Posterior mean:
0.6825312422
0.5794373377
0.7624225901

Posterior variance:
0.5246680305, -0.004679136808, -0.1466012583
-0.004679136808, 0.7487885533, 0.02150457119
-0.1466012583, 0.02150457119, 0.871299369

Predicitve distribution ~ N(0.61005, 9.8006)
-----------------------------------------------
Add data point: (0.76787, 6.5922)

Posterior mean:
0.898170795
0.8686744329
0.952768979

Posterior variance:
0.5059800607, -0.02974529024, -0.1630972468
-0.02974529024, 0.7151673492, -0.0006214800256
-0.1630972468, -0.0006214800256, 0.8567382563

Predicitve distribution ~ N(2.127, 9.9869)
-----------------------------------------------
Add data point: (0.64221, -0.83128)

Posterior mean:
0.783098446
0.7509483737
0.900704454

Posterior variance:
0.4879649335, -0.04817586851, -0.1712481975
-0.04817586851, 0.6963117391, -0.008960401692
-0.1712481975, -0.008960401692, 0.8530503557

Predicitve distribution ~ N(1.6368, 9.7124)
-----------------------------------------------
Add data point: (-0.087391, 0.83212)

Posterior mean:
0.788667408
0.7497106677
0.8988444139

Posterior variance:
0.462599438, -0.04253836772, -0.1627760911
-0.04253836772, 0.6950588002, -0.01084333384
-0.1627760911, -0.01084333384, 0.8502206618

Predicitve distribution ~ N(0.73001, 9.4729)
-----------------------------------------------
Add data point: (0.069116, 4.14)

Posterior mean:
0.9485355015
0.7516091798
0.8432893422

Posterior variance:
0.4403366521, -0.04280274924, -0.1550396463
-0.04280274924, 0.6950556606, -0.01075145976
-0.1550396463, -0.01075145976, 0.8475322033

Predicitve distribution ~ N(1.0045, 9.4363)
-----------------------------------------------
Add data point: (-0.38908, 1.3417)

Posterior mean:
0.9738567989
0.7332184858
0.8419719837

Posterior variance:
0.4206625023, -0.02851354187, -0.1540160847
-0.02851354187, 0.684677502, -0.01149486593
-0.1540160847, -0.01149486593, 0.8474789518

Predicitve distribution ~ N(0.81604, 9.5206)
-----------------------------------------------
Add data point: (-0.37015, -0.95206)

Posterior mean:
0.8975351368
0.7859808797
0.8482341279

Posterior variance:
0.4029772707, -0.0162874565, -0.1525650226
-0.0162874565, 0.6762254123, -0.01249800852
-0.1525650226, -0.01249800852, 0.8473598931

Predicitve distribution ~ N(0.72282, 9.4831)
-----------------------------------------------
Add data point: (0.52648, 1.5557)

Posterior mean:
0.8978768319
0.786307198
0.8483076155

Posterior variance:
0.3899948279, -0.02868567104, -0.1553571252
-0.02868567104, 0.664385135, -0.01516446255
-0.1553571252, -0.01516446255, 0.8467594023

Predicitve distribution ~ N(1.547, 9.5185)
-----------------------------------------------
Add data point: (0.19567, -0.036172)

Posterior mean:
0.8527392017
0.7742919012
0.8633247651

Posterior variance:
0.3747486912, -0.03274407763, -0.1502847828
-0.03274407763, 0.6633048177, -0.01381424326
-0.1502847828, -0.01381424326, 0.8450718497

Predicitve distribution ~ N(1.0373, 9.3769)
-----------------------------------------------
Add data point: (-0.51585, -2.2052)

Posterior mean:
0.7465947853
0.8885667939
0.8386594667

Posterior variance:
0.3618255993, -0.01883109952, -0.153287785
-0.01883109952, 0.6483261299, -0.01058121631
-0.153287785, -0.01058121631, 0.8443740273

Predicitve distribution ~ N(0.5114, 9.5349)
-----------------------------------------------
Add data point: (-0.8715, 1.2039)

Posterior mean:
0.7619264614
0.8539064305
0.8677777875

Posterior variance:
0.3550757928, -0.00357179281, -0.1661071945
-0.00357179281, 0.6138293721, 0.01839965873
-0.1661071945, 0.01839965873, 0.8200270692

Predicitve distribution ~ N(0.67683, 10.024)
-----------------------------------------------
Add data point: (-0.11845, -3.6993)

Posterior mean:
0.5969552009
0.8894182212
0.9410129819

Posterior variance:
0.3417501351, -0.0007033055166, -0.1601915754
-0.0007033055166, 0.6132119002, 0.01712625981
-0.1601915754, 0.01712625981, 0.8174009662

Predicitve distribution ~ N(0.5048, 9.3461)
-----------------------------------------------
Add data point: (-0.86381, 2.2516)

Posterior mean:
0.6353209817
0.8002965629
1.015896787

Posterior variance:
0.3367821091, 0.01083715343, -0.1698883595
0.01083715343, 0.5864040309, 0.039651371
-0.1698883595, 0.039651371, 0.7984744105

Predicitve distribution ~ N(0.70204, 9.8955)
-----------------------------------------------
Add data point: (-0.92581, -2.2856)

Posterior mean:
0.5803473444
0.9514618682
0.8708866181

Posterior variance:
0.3335180906, 0.01981248009, -0.1784982296
0.01981248009, 0.561723874, 0.06332660334
-0.1784982296, 0.06332660334, 0.7757631843

Predicitve distribution ~ N(0.44593, 9.9417)
-----------------------------------------------
Add data point: (0.34693, 7.5194)

Posterior mean:
0.8012805449
1.105478244
0.8271340713

Posterior variance:
0.3226854277, 0.01226084241, -0.1763529812
0.01226084241, 0.556459496, 0.06482209329
-0.1763529812, 0.06482209329, 0.7753383496

Predicitve distribution ~ N(1.2844, 9.3724)
-----------------------------------------------
Add data point: (-0.64219, -0.026595)

Posterior mean:
0.7895683768
1.120880907
0.8222098988

Posterior variance:
0.3165091851, 0.02038321406, -0.1789496724
0.02038321406, 0.5457777716, 0.06823699981
-0.1789496724, 0.06823699981, 0.774246617

Predicitve distribution ~ N(0.40884, 9.4634)
-----------------------------------------------
Add data point: (-0.78624, -0.98053)

Posterior mean:
0.7620244113
1.174057531
0.7865187968

Posterior variance:
0.3127660229, 0.02760979609, -0.1838000119
0.02760979609, 0.5318260684, 0.07760110811
-0.1838000119, 0.07760110811, 0.767961612

Predicitve distribution ~ N(0.32514, 9.5889)
-----------------------------------------------
Add data point: (-0.63193, 3.6131)

Posterior mean:
0.839216347
1.077540626
0.8122016698

Posterior variance:
0.3075416629, 0.03414207246, -0.185538232
0.03414207246, 0.5236584394, 0.0797744909
-0.185538232, 0.0797744909, 0.7673832811

Predicitve distribution ~ N(0.48263, 9.4074)
-----------------------------------------------
Add data point: (-0.54645, 4.4808)

Posterior mean:
0.9387114831
0.9802995733
0.8122093376

Posterior variance:
0.3017164619, 0.03983530229, -0.1855386809
0.03983530229, 0.5180941909, 0.07977492966
-0.1855386809, 0.07977492966, 0.7673832811

Predicitve distribution ~ N(0.64556, 9.3445)
-----------------------------------------------
Add data point: (0.066942, 9.7678)

Posterior mean:
1.224391869
1.050766322
0.6458562661

Posterior variance:
0.291816819, 0.03739342778, -0.1797740709
0.03739342778, 0.5174918711, 0.081196845
-0.1797740709, 0.081196845, 0.7640265208

Predicitve distribution ~ N(1.2976, 9.2976)
-----------------------------------------------
Add data point: (0.12311, -0.03329)

Posterior mean:
1.180298003
1.035402299
0.6696071069

Posterior variance:
0.2825457446, 0.03416302372, -0.174780274
0.03416302372, 0.5163662722, 0.0829368787
-0.174780274, 0.0829368787, 0.7613366483

Predicitve distribution ~ N(1.3179, 9.294)
-----------------------------------------------
Add data point: (-0.1431, 2.8055)

Posterior mean:
1.232291505
1.0281879
0.637156773

Posterior variance:
0.2744475728, 0.03528669181, -0.1697260197
0.03528669181, 0.5162103568, 0.08223557174
-0.1697260197, 0.08223557174, 0.7581821726

Predicitve distribution ~ N(1.0982, 9.2678)
-----------------------------------------------
Add data point: (0.013957, 2.6283)

Posterior mean:
1.273238219
1.0345193
0.6120694642

Posterior variance:
0.2662998577, 0.03402684852, -0.1647340625
0.03402684852, 0.5160155531, 0.08300745486
-0.1647340625, 0.08300745486, 0.755123691

Predicitve distribution ~ N(1.2878, 9.2673)
-----------------------------------------------
Add data point: (0.1787, -3.5161)

Posterior mean:
1.129591662
0.9652089422
0.6797134615

Posterior variance:
0.2586160261, 0.03031935195, -0.1611157017
0.03031935195, 0.5142266629, 0.08475333651
-0.1611157017, 0.08475333651, 0.7534197839

Predicitve distribution ~ N(1.3238, 9.2773)
-----------------------------------------------
Add data point: (-0.93863, 1.644)

Posterior mean:
1.13697492
0.9335968663
0.7151285601

Posterior variance:
0.2578232971, 0.03371349201, -0.1649181664
0.03371349201, 0.4996943492, 0.1010339289
-0.1649181664, 0.1010339289, 0.7351805899

Predicitve distribution ~ N(0.89072, 9.7477)
-----------------------------------------------
Add data point: (-0.66385, -0.45351)

Posterior mean:
1.114642263
0.9683775336
0.7025044055

Posterior variance:
0.2549964915, 0.03811593217, -0.1665160968
0.03811593217, 0.4928380307, 0.1035225305
-0.1665160968, 0.1035225305, 0.7342773154

Predicitve distribution ~ N(0.78138, 9.3569)
-----------------------------------------------
Add data point: (0.20633, -0.035141)

Posterior mean:
1.076624011
0.9469422679
0.7194343641

Posterior variance:
0.247947503, 0.03414160578, -0.1633771023
0.03414160578, 0.4905972454, 0.1052923431
-0.1633771023, 0.1052923431, 0.7328794855

Predicitve distribution ~ N(1.3026, 9.2722)
-----------------------------------------------
Add data point: (-0.64792, -2.7702)

Posterior mean:
1.017134758
1.037560929
0.690658093

Posterior variance:
0.2453015256, 0.03817216442, -0.1646570202
0.03817216442, 0.4844575847, 0.1072420137
-0.1646570202, 0.1072420137, 0.7322603609

Predicitve distribution ~ N(0.63482, 9.3317)
-----------------------------------------------
Add data point: (-0.65037, 6.0388)

Posterior mean:
1.104469285
0.9034892523
0.7342767857

Posterior variance:
0.242864106, 0.04191397131, -0.1658743745
0.04191397131, 0.4787133466, 0.1091108361
-0.1658743745, 0.1091108361, 0.7316523608

Predicitve distribution ~ N(0.82745, 9.3214)
-----------------------------------------------
Add data point: (-0.1662, -2.5376)

Posterior mean:
1.016474472
0.9166650079
0.7965872056

Posterior variance:
0.2370686291, 0.04278174732, -0.1617705121
0.04278174732, 0.4785834116, 0.1084963512
-0.1617705121, 0.1084963512, 0.7287463555

Predicitve distribution ~ N(0.88613, 9.2267)
-----------------------------------------------
Add data point: (-0.84583, -3.3157)

Posterior mean:
0.9795542456
1.039980265
0.6804575747

Posterior variance:
0.2363068474, 0.04532613326, -0.1641666357
0.04532613326, 0.4700850453, 0.1164995145
-0.1641666357, 0.1164995145, 0.7212095395

Predicitve distribution ~ N(0.58673, 9.4892)
-----------------------------------------------
Add data point: (0.60714, 6.9333)

Posterior mean:
1.088161839
1.239594892
0.7725593681

Posterior variance:
0.2319528554, 0.03732374179, -0.1678589233
0.03732374179, 0.4553771014, 0.1097132984
-0.1678589233, 0.1097132984, 0.7180783928

Predicitve distribution ~ N(2.1255, 9.4681)
-----------------------------------------------
Add data point: (-0.21316, -0.49793)

Posterior mean:
1.056320336
1.247653525
0.7959019294

Posterior variance:
0.2268756748, 0.03860870422, -0.1641369131
0.03860870422, 0.4550518957, 0.1087713104
-0.1641369131, 0.1087713104, 0.7153498392

Predicitve distribution ~ N(0.82653, 9.2155)
-----------------------------------------------
Add data point: (0.47277, 0.46315)

Posterior mean:
1.025982679
1.207184545
0.789036286

Posterior variance:
0.2222290072, 0.03241027217, -0.1651884895
0.03241027217, 0.4467834842, 0.1073685579
-0.1651884895, 0.1073685579, 0.7151118595

Predicitve distribution ~ N(1.7731, 9.3373)
-----------------------------------------------
Add data point: (0.93189, 8.4882)

Posterior mean:
1.086986561
1.510588602
1.10021102

Posterior variance:
0.2210527678, 0.02656022164, -0.1711883695
0.02656022164, 0.4176881382, 0.07752803216
-0.1711883695, 0.07752803216, 0.6845070688

Predicitve distribution ~ N(3.4501, 9.9777)
-----------------------------------------------
Add data point: (-0.90161, 6.6393)

Posterior mean:
1.12342577
1.330106156
1.298513831

Posterior variance:
0.2207020097, 0.02829751765, -0.1730972015
0.02829751765, 0.4090833566, 0.0869824274
-0.1730972015, 0.0869824274, 0.6741191713

Predicitve distribution ~ N(0.97975, 9.5388)
-----------------------------------------------
Add data point: (-0.084301, 3.0788)

Posterior mean:
1.171908541
1.328862084
1.259287627

Posterior variance:
0.2155886293, 0.02842872743, -0.1689600927
0.02842872743, 0.4090799897, 0.08687626883
-0.1689600927, 0.08687626883, 0.6707719394

Predicitve distribution ~ N(1.0688, 9.2112)
-----------------------------------------------
Add data point: (0.71366, 2.729)

Posterior mean:
1.171395635
1.327613839
1.258484245

Posterior variance:
0.2132331096, 0.02269616987, -0.1726496212
0.02269616987, 0.3951288366, 0.07789717399
-0.1726496212, 0.07789717399, 0.6649929086

Predicitve distribution ~ N(2.7598, 9.5001)
-----------------------------------------------
Add data point: (0.68924, 0.6915)

Posterior mean:
1.140489515
1.257737171
1.217037909

Posterior variance:
0.210955466, 0.01754657018, -0.1757040319
0.01754657018, 0.3834859364, 0.07099135603
-0.1757040319, 0.07099135603, 0.6608968225

Predicitve distribution ~ N(2.5855, 9.446)
-----------------------------------------------
Add data point: (-0.14251, 3.478)

Posterior mean:
1.195949511
1.24808436
1.170371822

Posterior variance:
0.2063957788, 0.01834018363, -0.1718673428
0.01834018363, 0.383347808, 0.07032358039
-0.1718673428, 0.07032358039, 0.6576684908

Predicitve distribution ~ N(1.0419, 9.2018)
-----------------------------------------------
Add data point: (0.58655, 4.7943)

Posterior mean:
1.237597763
1.318555309
1.19557904

Posterior variance:
0.2037243662, 0.01382001857, -0.1734841904
0.01382001857, 0.3756994603, 0.06758779248
-0.1734841904, 0.06758779248, 0.6566899087

Predicitve distribution ~ N(2.4223, 9.3348)
-----------------------------------------------
Add data point: (-0.8799, 1.6224)

Posterior mean:
1.241328866
1.301321456
1.213532425

Posterior variance:
0.203379492, 0.01541298193, -0.1751436617
0.01541298193, 0.3683416103, 0.07525284042
-0.1751436617, 0.07525284042, 0.648704837

Predicitve distribution ~ N(1.0358, 9.4766)
-----------------------------------------------
Add data point: (0.60555, 4.5642)

Posterior mean:
1.274520761
1.360793629
1.237741165

Posterior variance:
0.2010211426, 0.01118736699, -0.1768637403
0.01118736699, 0.3607702888, 0.07217085866
-0.1768637403, 0.07217085866, 0.6474502857

Predicitve distribution ~ N(2.5524, 9.3363)
-----------------------------------------------
Add data point: (0.2021, 1.2434)

Posterior mean:
1.266926204
1.357421702
1.243002792

Posterior variance:
0.1968466959, 0.009333943561, -0.1739716187
0.009333943561, 0.3599473825, 0.07345493924
-0.1739716187, 0.07345493924, 0.6454465788

Predicitve distribution ~ N(1.592, 9.2034)
-----------------------------------------------
Add data point: (-0.082552, 0.56903)

Posterior mean:
1.254330208
1.358706549
1.254354399

Posterior variance:
0.1927160858, 0.009755283801, -0.1702490816
0.009755283801, 0.359904404, 0.07307522422
-0.1702490816, 0.07307522422, 0.6420918003

Predicitve distribution ~ N(1.1507, 9.1912)
-----------------------------------------------
Add data point: (0.90529, 6.0479)

Posterior mean:
1.27043275
1.461381163
1.363952898

Posterior variance:
0.1923222149, 0.007243845003, -0.1729298798
0.007243845003, 0.3438907207, 0.05598165473
-0.1729298798, 0.05598165473, 0.6238455222

Predicitve distribution ~ N(3.7112, 9.7059)
-----------------------------------------------
Add data point: (0.86183, 9.3857)

Posterior mean:
1.313024289
1.67105649
1.569668078

Posterior variance:
0.1918110555, 0.004727441242, -0.1753987562
0.004727441242, 0.3315026316, 0.04382753998
-0.1753987562, 0.04382753998, 0.6119209627

Predicitve distribution ~ N(3.9191, 9.5793)
-----------------------------------------------
Add data point: (-0.35772, 3.5077)

Posterior mean:
1.360298995
1.640536894
1.537872246

Posterior variance:
0.1887523867, 0.006702056106, -0.173341569
0.006702056106, 0.33022786, 0.04249946143
-0.173341569, 0.04249946143, 0.610537348

Predicitve distribution ~ N(0.97024, 9.188)
-----------------------------------------------
Add data point: (0.79605, 3.7102)

Posterior mean:
1.360916147
1.642709112
1.53968456

Posterior variance:
0.1880035522, 0.004066347206, -0.1755405794
0.004066347206, 0.3209508286, 0.03475949853
-0.1755405794, 0.03475949853, 0.6040797838

Predicitve distribution ~ N(3.6443, 9.453)
-----------------------------------------------
Add data point: (-0.88236, 4.3274)

Posterior mean:
1.377127825
1.557127376
1.62935135

Posterior variance:
0.1877629487, 0.005336496937, -0.1768713569
0.005336496937, 0.3142456858, 0.04178469652
-0.1768713569, 0.04178469652, 0.5967192536

Predicitve distribution ~ N(1.2717, 9.4519)
-----------------------------------------------
Add data point: (-0.39085, 2.9239)

Posterior mean:
1.410054594
1.534069476
1.60817365

Posterior variance:
0.1850228281, 0.007255343767, -0.1751089777
0.007255343767, 0.3129019591, 0.04055054073
-0.1751089777, 0.04055054073, 0.5955857339

Predicitve distribution ~ N(1.0561, 9.1827)
-----------------------------------------------
Add data point: (0.29046, -0.27918)

Posterior mean:
1.367482651
1.508984214
1.636105361

Posterior variance:
0.1817911059, 0.005351070813, -0.1729886251
0.005351070813, 0.3117798777, 0.04179994582
-0.1729886251, 0.04179994582, 0.5941945577

Predicitve distribution ~ N(1.9438, 9.1883)
-----------------------------------------------
Add data point: (0.60602, 3.472)

Posterior mean:
1.375201581
1.522302715
1.64058815

Posterior variance:
0.1801993151, 0.00260454146, -0.1739130617
0.00260454146, 0.3070409234, 0.04020489164
-0.1739130617, 0.04020489164, 0.5936576886

Predicitve distribution ~ N(2.9003, 9.2663)
-----------------------------------------------
Add data point: (-0.035856, -0.18868)

Posterior mean:
1.345585335
1.52367798
1.669333285

Posterior variance:
0.1766744998, 0.002768220384, -0.1704919227
0.002768220384, 0.3070333228, 0.04004602705
-0.1704919227, 0.04004602705, 0.5903371764

Predicitve distribution ~ N(1.2931, 9.1764)
-----------------------------------------------
Add data point: (0.58654, 10.567)

Posterior mean:
1.445825883
1.688420603
1.716325781

Posterior variance:
0.1751276744, 0.000226054629, -0.1712170703
0.000226054629, 0.3028553423, 0.03885426667
-0.1712170703, 0.03885426667, 0.5899972292

Predicitve distribution ~ N(3.0266, 9.2473)
-----------------------------------------------
Add data point: (-0.87019, 5.8706)

Posterior mean:
1.467883081
1.574487888
1.834077148

Posterior variance:
0.1749102835, 0.001348950128, -0.1723776016
0.001348950128, 0.2970552159, 0.04484879438
-0.1723776016, 0.04484879438, 0.5838017844

Predicitve distribution ~ N(1.4866, 9.4121)
-----------------------------------------------
Add data point: (-0.71349, 3.4684)

Posterior mean:
1.488254217
1.530111269
1.856014567

Posterior variance:
0.1741086017, 0.003095339244, -0.1732409226
0.003095339244, 0.2932508702, 0.04672945871
-0.1732409226, 0.04672945871, 0.5828720849

Predicitve distribution ~ N(1.3414, 9.2597)
-----------------------------------------------
Add data point: (0.99052, 0.33802)

Posterior mean:
1.484949368
1.374395841
1.651896648

Posterior variance:
0.1741032957, 0.002845338324, -0.1735686337
0.002845338324, 0.2814715124, 0.03128861227
-0.1735686337, 0.03128861227, 0.5626316149

Predicitve distribution ~ N(4.467, 9.7177)
-----------------------------------------------
Add data point: (-0.42253, -1.6144)

Posterior mean:
1.4414227
1.408287237
1.678378637

Posterior variance:
0.1719078266, 0.004554807898, -0.1722328919
0.004554807898, 0.2801404592, 0.03024855666
-0.1722328919, 0.03024855666, 0.5618189384

Predicitve distribution ~ N(1.146, 9.1699)
-----------------------------------------------
Add data point: (-0.63086, 3.1731)

Posterior mean:
1.46271238
1.374360896
1.685216918

Posterior variance:
0.1708119205, 0.006301198001, -0.1725848988
0.006301198001, 0.2773574851, 0.03080950009
-0.1725848988, 0.03080950009, 0.5617058732

Predicitve distribution ~ N(1.2664, 9.2094)
-----------------------------------------------
Add data point: (0.010118, -0.095992)

Posterior mean:
1.433410824
1.372798439
1.714751305

Posterior variance:
0.1676287699, 0.006131461766, -0.1693764548
0.006131461766, 0.2773484342, 0.03098058506
-0.1693764548, 0.03098058506, 0.5584719347

Predicitve distribution ~ N(1.4475, 9.1677)
-----------------------------------------------
Add data point: (-0.74085, 3.6664)

Posterior mean:
1.45088025
1.327373853
1.743198996

Posterior variance:
0.1670981958, 0.00751107829, -0.1702404561
0.00751107829, 0.273761109, 0.03322719041
-0.1702404561, 0.03322719041, 0.5570649712

Predicitve distribution ~ N(1.4243, 9.2601)
-----------------------------------------------
Add data point: (-0.56418, 2.1779)

Posterior mean:
1.461781638
1.313694625
1.742028185

Posterior variance:
0.1658119977, 0.009125019266, -0.1701023183
0.009125019266, 0.2717359113, 0.03305385299
-0.1701023183, 0.03305385299, 0.5570501352

Predicitve distribution ~ N(1.2751, 9.1783)
-----------------------------------------------
Add data point: (0.81509, 3.4872)

Posterior mean:
1.460485228
1.308259033
1.737144581

Posterior variance:
0.1654266451, 0.007509311863, -0.1715539498
0.007509311863, 0.2649615686, 0.02696744847
-0.1715539498, 0.02696744847, 0.5515818083

Predicitve distribution ~ N(3.6809, 9.3984)
-----------------------------------------------
Add data point: (0.54214, 4.9859)

Posterior mean:
1.490304096
1.348096647
1.738443353

Posterior variance:
0.163886614, 0.005451850521, -0.1716210264
0.005451850521, 0.2622128274, 0.026877835
-0.1716210264, 0.026877835, 0.5515788868

Predicitve distribution ~ N(2.7321, 9.2022)
-----------------------------------------------
Add data point: (-0.73706, 1.2548)

Posterior mean:
1.488962484
1.351584078
1.736264566

Posterior variance:
0.1634067545, 0.006699213149, -0.1724003215
0.006699213149, 0.2589703918, 0.02890356052
-0.1724003215, 0.02890356052, 0.5503133061

Predicitve distribution ~ N(1.436, 9.2462)
-----------------------------------------------
Add data point: (-0.04663, -2.1116)

Posterior mean:
1.426071761
1.353637828
1.802955337

Posterior variance:
0.1605170003, 0.00679358054, -0.1693359597
0.00679358054, 0.2589673102, 0.02880349116
-0.1693359597, 0.02880349116, 0.5470637862

Predicitve distribution ~ N(1.3669, 9.1597)
-----------------------------------------------
Add data point: (0.51276, -0.51219)

Posterior mean:
1.385695246
1.303907495
1.806580904

Posterior variance:
0.1589640549, 0.004880872324, -0.1691965146
0.004880872324, 0.2566114947, 0.02897524079
-0.1691965146, 0.02897524079, 0.5470512648

Predicitve distribution ~ N(2.5293, 9.1881)
-----------------------------------------------
Add data point: (0.22839, 1.433)

Posterior mean:
1.380002885
1.301461223
1.811625568

Posterior variance:
0.1564662712, 0.003807458499, -0.1669829375
0.003807458499, 0.2561501989, 0.02992651777
-0.1669829375, 0.02992651777, 0.5450895565

Predicitve distribution ~ N(1.7717, 9.1563)
-----------------------------------------------
Add data point: (-0.92534, 3.4368)

Posterior mean:
1.381808516
1.263839753
1.860929942

Posterior variance:
0.1564557498, 0.004026678128, -0.1672702332
0.004026678128, 0.2515826179, 0.03591250731
-0.1672702332, 0.03591250731, 0.5372446883

Predicitve distribution ~ N(1.8058, 9.415)
-----------------------------------------------
Add data point: (-0.96131, 7.5444)

Posterior mean:
1.38061875
1.141543022
2.037040712

Posterior variance:
0.1564553311, 0.003983646489, -0.1672082665
0.003983646489, 0.2471593709, 0.04228210877
-0.1672082665, 0.04228210877, 0.5280722811

Predicitve distribution ~ N(2.1657, 9.444)
-----------------------------------------------
Add data point: (0.65093, 3.4932)

Posterior mean:
1.385451317
1.151557749
2.041646576

Posterior variance:
0.1556136613, 0.002239419627, -0.1680104522
0.002239419627, 0.2435447382, 0.0406197064
-0.1680104522, 0.0406197064, 0.5273077272

Predicitve distribution ~ N(3.0001, 9.2364)
-----------------------------------------------
Add data point: (0.34251, 3.5472)

Posterior mean:
1.408254974
1.16664482
2.026256841

Posterior variance:
0.1535737823, 0.0008898203023, -0.1666337783
0.0008898203023, 0.2426518331, 0.04153052422
-0.1666337783, 0.04153052422, 0.5263786373

Predicitve distribution ~ N(2.0456, 9.1541)
-----------------------------------------------
Add data point: (0.1075, 1.9153)

Posterior mean:
1.41419302
1.167719153
2.020148848

Posterior variance:
0.1510580519, 0.0004346653918, -0.1640460483
0.0004346653918, 0.2425694849, 0.04199870558
-0.1640460483, 0.04199870558, 0.5237168469

Predicitve distribution ~ N(1.5631, 9.1503)
-----------------------------------------------
Add data point: (-0.72878, -1.1027)

Posterior mean:
1.395297102
1.213475621
1.995344668

Posterior variance:
0.1506191676, 0.001497423791, -0.1646221603
0.001497423791, 0.2399960154, 0.04339376086
-0.1646221603, 0.04339376086, 0.5229605997

Predicitve distribution ~ N(1.5707, 9.215)
-----------------------------------------------
Add data point: (0.67769, 3.7243)

Posterior mean:
1.400148857
1.225222105
2.002042999

Posterior variance:
0.1499942016, -1.566840755e-05, -0.165484988
-1.566840755e-05, 0.2363326993, 0.04130478651
-0.165484988, 0.04130478651, 0.5217693801

Predicitve distribution ~ N(3.1499, 9.2423)
-----------------------------------------------
Add data point: (-0.6516, 2.4081)

Posterior mean:
1.408454788
1.211007154
2.005077696

Posterior variance:
0.1493015957, 0.001169672481, -0.165738042
0.001169672481, 0.2343040811, 0.04173786862
-0.165738042, 0.04173786862, 0.521676923

Predicitve distribution ~ N(1.4707, 9.1775)
-----------------------------------------------
Add data point: (-0.41769, -1.1091)

Posterior mean:
1.377480369
1.234106779
2.028885567

Posterior variance:
0.1477289971, 0.002342460769, -0.1645292954
0.002342460769, 0.2334294572, 0.04083642822
-0.1645292954, 0.04083642822, 0.520747844

Predicitve distribution ~ N(1.216, 9.139)
-----------------------------------------------
Add data point: (0.61338, 2.4837)

Posterior mean:
1.373555645
1.226870759
2.026346968

Posterior variance:
0.1469019313, 0.0008175982874, -0.1650642601
0.0008175982874, 0.2306180659, 0.0398501131
-0.1650642601, 0.0398501131, 0.5204018169

Predicitve distribution ~ N(2.8885, 9.2025)
-----------------------------------------------
Add data point: (-0.98268, 4.5025)

Posterior mean:
1.370212791
1.179780784
2.101336206

Posterior variance:
0.1468832361, 0.0005542436819, -0.1646448765
0.0005542436819, 0.2269082534, 0.04575786767
-0.1646448765, 0.04575786767, 0.5109939117

Predicitve distribution ~ N(2.24, 9.4366)
-----------------------------------------------
Add data point: (-0.77095, 0.045003)

Posterior mean:
1.36144232
1.206342878
2.082605031

Posterior variance:
0.1466271832, 0.001329721068, -0.1651917311
0.001329721068, 0.2245596562, 0.04741406191
-0.1651917311, 0.04741406191, 0.5098259893

Predicitve distribution ~ N(1.6692, 9.2183)
-----------------------------------------------
Add data point: (0.27339, -2.3388)

Posterior mean:
1.299810141
1.176009968
2.134844063

Posterior variance:
0.144644627, 0.0003539856571, -0.1635113294
0.0003539856571, 0.2240794379, 0.04824108887
-0.1635113294, 0.04824108887, 0.5084016918

Predicitve distribution ~ N(1.7809, 9.142)
-----------------------------------------------
Add data point: (-0.79009, -0.83084)

Posterior mean:
1.288198134
1.216251098
2.103069362

Posterior variance:
0.1444508195, 0.001025621006, -0.1640416578
0.001025621006, 0.221751902, 0.05007892892
-0.1640416578, 0.05007892892, 0.5069505194

Predicitve distribution ~ N(1.6401, 9.2246)
-----------------------------------------------
Add data point: (0.93409, 5.1905)

Posterior mean:
1.288420954
1.240885411
2.134864114

Posterior variance:
0.1444502744, 0.0009653604495, -0.1641194342
0.0009653604495, 0.2150896751, 0.04148019691
-0.1641194342, 0.04148019691, 0.4958523996

Predicitve distribution ~ N(4.3102, 9.4926)
-----------------------------------------------
Add data point: (-0.038623, 1.8938)

Posterior mean:
1.298671253
1.240367786
2.123133969

Posterior variance:
0.1421773089, 0.001080141708, -0.1615183187
0.001080141708, 0.2150838788, 0.04134884458
-0.1615183187, 0.04134884458, 0.4928757587

Predicitve distribution ~ N(1.2539, 9.1419)
-----------------------------------------------
Add data point: (0.94048, 9.9882)

Posterior mean:
1.298867322
1.382895471
2.309253253

Posterior variance:
0.1421772974, 0.001071808153, -0.1615292011
0.001071808153, 0.2090259849, 0.0334381648
-0.1615292011, 0.0334381648, 0.482545625

Predicitve distribution ~ N(4.642, 9.4765)
-----------------------------------------------
Add data point: (0.74201, 5.5691)

Posterior mean:
1.310385666
1.420107959
2.336741747

Posterior variance:
0.1418617662, 5.241665626e-05, -0.1622822154
5.241665626e-05, 0.2057326215, 0.03100539003
-0.1622822154, 0.03100539003, 0.4807485585

Predicitve distribution ~ N(3.6507, 9.2476)
-----------------------------------------------
Add data point: (0.42406, -0.40881)

Posterior mean:
1.276583083
1.392252846
2.355541916

Posterior variance:
0.1404722281, -0.00109263612, -0.1615093884
-0.00109263612, 0.2047890375, 0.03164224032
-0.1615093884, 0.03164224032, 0.480318731

Predicitve distribution ~ N(2.2906, 9.1386)
-----------------------------------------------
Add data point: (-0.61104, 3.5872)

Posterior mean:
1.296742102
1.363720415
2.355166477

Posterior variance:
0.1397580868, -8.186330548e-05, -0.1614960883
-8.186330548e-05, 0.203358422, 0.03162341582
-0.1614960883, 0.03162341582, 0.4803184833

Predicitve distribution ~ N(1.3428, 9.1477)
-----------------------------------------------
Add data point: (-0.47249, 1.8623)

Posterior mean:
1.304515697
1.357043579
2.349980589

Posterior variance:
0.1385793077, 0.0009306045048, -0.1607097061
0.0009306045048, 0.202488801, 0.03094798255
-0.1607097061, 0.03094798255, 0.4797938753

Predicitve distribution ~ N(1.188, 9.1285)
-----------------------------------------------
Add data point: (-0.96054, 4.0909)

Posterior mean:
1.302346228
1.323238204
2.401654478

Posterior variance:
0.1385673528, 0.0007443208332, -0.1604249584
0.0007443208332, 0.1995860681, 0.03538501364
-0.1604249584, 0.03538501364, 0.4730115618

Predicitve distribution ~ N(2.2472, 9.3652)
-----------------------------------------------
Add data point: (-0.97308, -1.5615)

Posterior mean:
1.308117673
1.388892951
2.297801017

Posterior variance:
0.1385462752, 0.0005045460089, -0.1600456798
0.0005045460089, 0.19685844, 0.03969960823
-0.1600456798, 0.03969960823, 0.4661866847

Predicitve distribution ~ N(2.1324, 9.3657)
-----------------------------------------------
Add data point: (-0.33631, -5.1138)

Posterior mean:
1.226223524
1.430571172
2.379963596

Posterior variance:
0.1369613492, 0.001311159137, -0.1584555587
0.001311159137, 0.196447932, 0.0388903512
-0.1584555587, 0.0388903512, 0.4645913516

Predicitve distribution ~ N(1.0143, 9.1254)
-----------------------------------------------
Add data point: (-0.92346, 7.5683)

Posterior mean:
1.226601401
1.341643463
2.502108859

Posterior variance:
0.1369613073, 0.001321014873, -0.1584690959
0.001321014873, 0.1941285299, 0.04207612973
-0.1584690959, 0.04207612973, 0.4602155754

Predicitve distribution ~ N(2.1214, 9.2982)
-----------------------------------------------
Add data point: (-0.96618, 3.2595)

Posterior mean:
1.225299482
1.326019994
2.526611953

Posterior variance:
0.1369452579, 0.001128416437, -0.1581670339
0.001128416437, 0.1918172839, 0.04570097638
-0.1581670339, 0.04570097638, 0.4545305409

Predicitve distribution ~ N(2.3027, 9.3322)
-----------------------------------------------
Add data point: (0.68609, 5.6549)

Posterior mean:
1.24130847
1.365049703
2.548662718

Posterior variance:
0.1365106554, 6.886109457e-05, -0.1587656549
6.886109457e-05, 0.1892341015, 0.04424154583
-0.1587656549, 0.04424154583, 0.4537060008

Predicitve distribution ~ N(3.3776, 9.2053)
-----------------------------------------------
Add data point: (0.68872, 5.7565)

Posterior mean:
1.25704975
1.403954755
2.570998689

Posterior variance:
0.1361031671, -0.0009382585516, -0.1593438573
-0.0009382585516, 0.1867449746, 0.04281250099
-0.1593438573, 0.04281250099, 0.4528855648

Predicitve distribution ~ N(3.4435, 9.2021)
-----------------------------------------------
Add data point: (0.04774, 3.937)

Posterior mean:
1.295772459
1.406258931
2.526405268

Posterior variance:
0.1340876519, -0.00105819078, -0.1570227719
-0.00105819078, 0.1867378381, 0.04295061603
-0.1570227719, 0.04295061603, 0.4502125819

Predicitve distribution ~ N(1.3687, 9.1337)
-----------------------------------------------
Add data point: (-0.65681, 0.41697)

Posterior mean:
1.288106945
1.418285172
2.525377316

Posterior variance:
0.1335958934, -0.0002866826246, -0.1570887171
-0.0002866826246, 0.1855274376, 0.04305407591
-0.1570887171, 0.04305407591, 0.4502037386

Predicitve distribution ~ N(1.446, 9.1379)
-----------------------------------------------
Add data point: (-0.40836, 5.0982)

Posterior mean:
1.33489271
1.388316758
2.48203898

Posterior variance:
0.1323282288, 0.0005253142757, -0.1559144609
0.0005253142757, 0.1850073166, 0.04230191135
-0.1559144609, 0.04230191135, 0.449116008

Predicitve distribution ~ N(1.1819, 9.1175)
-----------------------------------------------
Add data point: (-0.79197, 4.679)

Posterior mean:
1.345614482
1.350776716
2.511036455

Posterior variance:
0.1322015065, 0.0009690058354, -0.1562571866
0.0009690058354, 0.1834538233, 0.04350189355
-0.1562571866, 0.04350189355, 0.4481890923

Predicitve distribution ~ N(1.8508, 9.1828)
-----------------------------------------------
Add data point: (-0.98942, 8.1333)

Posterior mean:
1.332448157
1.267169067
2.656156089

Posterior variance:
0.1321510225, 0.0006484265997, -0.1557007502
0.0006484265997, 0.181418109, 0.04703532766
-0.1557007502, 0.04703532766, 0.442056033

Predicitve distribution ~ N(2.6789, 9.3361)
-----------------------------------------------
Add data point: (0.040349, 6.0149)

Posterior mean:
1.399291895
1.271245403
2.578591148

Posterior variance:
0.1302452119, 0.0005322044409, -0.1534892626
0.0005322044409, 0.1814110214, 0.04717019093
-0.1534892626, 0.04717019093, 0.4394898405

Predicitve distribution ~ N(1.4548, 9.1301)
-----------------------------------------------
Add data point: (0.022431, -0.0049309)

Posterior mean:
1.378845186
1.27051894
2.602498017

Posterior variance:
0.1283890862, 0.0004662571276, -0.1513190282
0.0004662571276, 0.1814086783, 0.04724729839
-0.1513190282, 0.04724729839, 0.4369523411

Predicitve distribution ~ N(1.4087, 9.1284)
-----------------------------------------------
Add data point: (-0.99155, 6.5864)

Posterior mean:
1.370119959
1.214869856
2.699364115

Posterior variance:
0.1283425507, 0.0001694556465, -0.1508023979
0.0001694556465, 0.1795156925, 0.05054234182
-0.1508023979, 0.05054234182, 0.4312167931

Predicitve distribution ~ N(2.8195, 9.3263)
-----------------------------------------------
Add data point: (-0.57337, 4.9214)

Posterior mean:
1.399120467
1.183113352
2.685349634

Posterior variance:
0.1276636407, 0.0009128842692, -0.150474315
0.0009128842692, 0.1787016139, 0.05018308031
-0.150474315, 0.05018308031, 0.4310582472

Predicitve distribution ~ N(1.6036, 9.1141)
-----------------------------------------------
Add data point: (0.29642, 2.5613)

Posterior mean:
1.406357171
1.186790783
2.679184663

Posterior variance:
0.1262213023, 0.0001799401202, -0.1492455825
0.0001799401202, 0.1783291582, 0.05080747769
-0.1492455825, 0.05080747769, 0.4300114861

Predicitve distribution ~ N(1.9936, 9.1217)
-----------------------------------------------
Add data point: (0.26813, -0.32645)

Posterior mean:
1.377938735
1.174087444
2.704938895

Posterior variance:
0.1247578425, -0.0004742417666, -0.1479193208
-0.0004742417666, 0.178036732, 0.05140033057
-0.1479193208, 0.05140033057, 0.4288095604

Predicitve distribution ~ N(1.8872, 9.1202)
-----------------------------------------------
Add data point: (-0.25526, 3.5436)

Posterior mean:
1.406872701
1.163398904
2.671521127

Posterior variance:
0.1233012489, 6.384064404e-05, -0.1462370037
6.384064404e-05, 0.1778379582, 0.0507788633
-0.1462370037, 0.0507788633, 0.4268665401

Predicitve distribution ~ N(1.284, 9.1159)
-----------------------------------------------
Add data point: (0.4849, 2.8959)

Posterior mean:
1.409763241
1.166591256
2.670830625

Posterior variance:
0.1224348243, -0.0008930504258, -0.1460300294
-0.0008930504258, 0.1767811547, 0.05100744851
-0.1460300294, 0.05100744851, 0.4268170975

Predicitve distribution ~ N(2.6034, 9.1297)
-----------------------------------------------
Add data point: (-0.72044, 2.686)

Posterior mean:
1.413541602
1.158458318
2.673927412

Posterior variance:
0.1221902311, -0.000366562481, -0.1462305007
-0.000366562481, 0.175647887, 0.05143896396
-0.1462305007, 0.05143896396, 0.4266527889

Predicitve distribution ~ N(1.9668, 9.1386)
-----------------------------------------------
Add data point: (0.55698, 0.73164)

Posterior mean:
1.395470757
1.131707371
2.67044126

Posterior variance:
0.1215482262, -0.001316946391, -0.1463543537
-0.001316946391, 0.1742409982, 0.05125561986
-0.1463543537, 0.05125561986, 0.4266288957

Predicitve distribution ~ N(2.8543, 9.1421)
-----------------------------------------------
